1.08637
0.304544
0.313568
0.302624
0.310016
0.336448
0.307648
0.31504
0.316384
0.320864
0.31536
0.317856
0.29168
0.29152
0.289216
0.2872
0.29776
0.283552
0.294592
0.264736
0.262848
0.26448
0.26432
0.265856
0.26608
0.266304
0.2648
0.267072
0.267008
0.267008
0.265632
0.26464
0.262688
0.265568
0.264448
0.26704
0.266528
0.267008
0.287456
0.266432
0.267104
0.266432
0.26464
0.263008
0.264384
0.265664
0.264224
0.26416
0.265056
0.283936
0.267072
0.27984
0.264512
0.26784
0.280384
0.279424
0.279904
0.267584
0.265216
0.283424
0.266496
0.263232
0.265888
0.267008
0.264384
0.266528
0.265472
0.26512
0.26528
0.265152
0.267744
0.26608
0.26576
0.2672
0.2656
0.266176
0.26656
0.266176
0.2648
0.267328
0.2864
0.270272
0.268
0.268288
0.267712
0.267328
0.263232
0.267744
0.265984
0.265248
0.276224
0.267808
0.267232
0.267296
0.264512
0.26752
0.264544
0.267168
0.266592
0.264992
0.271104
0.268416
0.26928
0.269472
0.275392
0.275712
0.274656
0.274848
0.274528
0.27392
0.27616
0.270016
0.270624
0.270112
0.269344
0.269152
0.268832
0.265856
0.2648
0.285824
0.270688
0.268192
0.269376
0.268
0.26608
0.26736
0.268
0.269888
0.267264
0.27056
0.266688
0.269376
0.26944
0.267872
0.26864
0.268192
0.268864
0.268992
0.270912
0.269536
0.267136
0.26784
0.269472
0.271936
0.267968
0.265888
0.266816
0.271904
0.269664
0.268192
0.269216
0.267008
1.35843
0.312896
0.278944
0.290592
0.278176
0.274016
0.274816
0.26832
0.268896
0.268672
0.349408
0.309856
0.275776
0.383776
0.319616
0.398016
0.388928
1.14333
0.28512
0.269312
0.269856
0.269536
0.268672
0.273536
0.272704
0.272
0.269056
0.268224
0.268128
0.268992
0.269088
0.267104
0.284448
0.270624
1.82448
0.2816
0.2696
0.283808
0.424288
0.58624
0.334688
0.269664
0.268928
0.26928
0.361952
0.302368
0.317504
0.29232
0.285472
0.296544
0.266912
0.294112
0.292608
0.295616
0.287328
0.288832
0.315616
0.31968
0.296928
0.961344
0.293312
0.297888
0.287648
0.264896
0.2656
0.266432
0.267008
0.264608
0.266112
0.283264
0.266272
0.265376
0.265184
0.263008
0.263552
0.265344
0.265792
0.325184
0.311232
0.265216
0.2656
0.26576
0.265568
0.26784
0.267424
0.290592
0.264128
0.2648
0.263584
0.264768
0.26592
0.264224
0.267616
0.26464
0.33696
0.321504
0.268256
0.270848
0.27072
0.26704
0.267936
0.26704
0.27984
0.265472
0.28272
0.28192
0.28336
0.280736
0.278208
0.279936
0.28064
0.281152
0.281696
0.281792
0.281184
0.3384
0.289952
0.282368
0.285312
0.278912
0.285504
0.283264
0.279008
0.323264
0.304448
0.28784
0.281056
0.279168
0.27856
0.27872
0.279648
0.305504
0.28288
0.276096
0.277792
0.281152
0.279104
0.281184
0.304128
0.281152
0.289888
0.28032
0.2824
0.277344
0.282016
0.295168
0.281696
0.277504
0.279968
0.27744
0.277248
0.276864
0.283424
0.278144
0.27776
0.282432
0.279488
0.27984
0.356768
0.282784
0.282368
0.281632
0.281248
0.276736
0.278752
0.294528
0.27984
0.289248
0.281056
0.275648
0.282272
0.26384
0.269792
0.28688
0.292704
0.280704
0.278368
0.265568
0.310048
0.267424
0.264448
0.269344
0.268864
0.277312
0.26384
0.269664
0.267328
0.264224
0.264352
0.264352
0.264096
0.29856
0.2688
0.286016
0.265472
0.266144
0.264064
0.291136
0.271744
0.264384
0.263296
0.269728
0.271392
0.44528
0.276544
0.268992
0.26928
0.268672
0.269504
0.2696
0.26896
0.274432
0.271712
0.313952
0.598784
0.319392
0.271616
0.265696
1.89933
0.27056
0.270592
0.27024
0.26672
0.268672
0.270208
0.26416
0.337376
0.321312
0.269216
0.267552
0.268064
0.270304
0.282272
0.265088
0.266112
0.267488
0.265472
0.32336
0.267808
0.26528
0.264736
0.268192
0.264864
0.26448
0.27008
0.265504
0.265728
0.26672
0.26672
0.266432
0.285888
0.265408
0.266176
0.265216
0.2688
0.26624
0.316768
0.265792
0.265888
0.266304
0.264256
0.26544
0.283232
0.276768
0.289152
0.276832
0.277984
0.273664
0.27696
0.281536
0.277216
0.261088
0.31792
0.29744
0.26624
0.26688
0.280416
0.278688
0.282368
0.281536
0.283744
0.282176
0.282624
0.281728
0.280256
0.278816
0.283712
0.280352
0.280544
0.280512
0.305088
0.280448
0.282048
0.281376
0.278432
0.280128
0.297664
0.278208
0.280416
0.279616
0.277696
0.281216
0.281312
0.280992
0.279104
0.280896
0.280256
0.281696
0.281728
0.279648
0.279552
0.284192
0.28016
0.308
0.28192
0.282528
0.279168
0.277856
0.275936
0.281184
0.279776
0.281248
0.286912
0.289088
0.303232
0.279488
0.27856
0.279584
0.282208
0.27808
0.281312
0.282528
0.281216
0.280352
0.282016
0.307712
0.274176
0.280768
0.28304
0.275584
0.274752
0.283488
0.260352
0.275104
0.2896
0.280224
0.286752
0.276768
0.279648
0.286848
0.279712
0.278848
0.28
0.262272
0.283776
0.282304
0.335616
0.280608
0.282592
0.278752
0.278496
0.276032
0.284256
0.280416
0.280032
0.280736
0.280896
0.28496
0.282624
0.275968
0.269728
0.265216
0.267872
0.264672
0.265024
0.266368
0.265152
0.271104
0.26544
0.267104
0.2656
0.265216
0.29952
0.265984
0.2928
0.27328
0.299776
0.275008
0.27248
0.270592
0.271168
0.294624
0.271168
0.267584
0.265248
0.2656
0.266336
0.300416
0.266336
0.266112
0.265504
0.284704
0.280992
0.286336
0.26672
0.267456
0.268224
0.266688
0.270464
0.267296
0.265312
0.265248
0.265472
0.30896
0.266528
0.264032
0.282656
0.26368
0.266048
0.271552
0.267104
0.267904
0.26464
0.268032
0.288544
0.291712
0.277504
0.277952
0.2816
0.282752
0.278848
0.2776
0.262688
0.282336
0.282176
0.278912
0.277888
0.277472
0.27984
0.28496
0.284288
0.28032
0.282016
0.282432
0.281536
0.278272
0.278432
0.281472
0.28048
0.284032
0.281792
0.27904
0.282048
0.285248
0.298656
0.3096
0.262848
0.31824
0.284672
0.28272
0.282464
0.283136
0.279904
0.28528
0.28368
0.28288
0.28352
0.313984
0.283232
0.280768
0.260864
0.32672
0.30272
0.274816
0.282944
0.280544
0.292736
0.282432
0.280384
0.280512
0.280832
0.28112
0.281408
0.280256
0.280096
0.279488
0.280704
0.282464
0.28176
0.27632
0.306432
0.280544
0.281408
0.280576
0.275168
0.304192
0.282528
0.282464
0.281664
0.28224
0.32336
0.28512
0.281792
0.282272
0.282272
0.283296
0.278784
0.27744
0.281056
0.311776
0.28112
0.281376
0.266304
0.264352
0.268416
0.267104
0.264064
0.264096
0.26512
0.293088
0.289088
0.26656
0.273312
0.33024
0.274368
0.28848
0.29328
0.314592
0.273888
0.264992
0.265184
0.265312
0.267072
0.269216
0.266624
0.265472
0.267168
0.287168
0.28432
0.505792
0.32112
0.271456
0.31888
0.269856
0.265504
0.269504
0.266432
1.82013
0.272288
0.266144
0.282304
0.28288
0.352896
0.262848
0.318208
0.28352
0.285888
0.283936
0.2792
0.28
0.318464
0.284384
0.283616
0.329408
0.283136
0.289856
0.277472
0.309248
0.282368
0.287968
0.283552
0.302048
0.281376
0.32768
0.282976
0.28032
0.280256
0.282208
0.281376
0.283488
0.284032
0.282144
0.330432
0.283808
0.289632
0.282848
0.281952
0.285952
0.282784
0.281216
0.2616
0.294144
0.283936
0.282432
0.283392
0.326688
0.288192
0.297536
0.28384
0.316896
0.284576
0.276992
0.282304
0.278592
0.272224
0.28144
0.261888
0.296128
0.295136
0.280576
0.277056
0.282368
0.279424
0.279744
0.28464
0.278016
0.27616
0.277856
0.277312
0.272256
0.331296
0.281088
0.281728
0.278432
0.27376
0.279392
0.28288
0.27984
0.277792
0.288032
0.284
0.292896
0.2784
0.282272
0.279136
0.282048
0.281344
0.31344
0.282368
0.279872
0.40448
0.306432
0.278432
0.282496
0.282688
0.281536
0.282976
0.37696
0.435104
0.292768
0.283456
0.282464
0.282272
0.282048
0.281824
0.284128
0.26224
0.273664
0.287392
0.28224
0.278304
0.283648
0.283552
0.283328
1.73485
0.289024
0.282368
0.318976
0.262816
0.317824
0.300864
0.294624
0.28848
0.283872
0.283392
0.28848
0.294688
0.290432
0.292288
0.279648
0.265088
0.29904
0.277952
0.278912
0.268768
0.26752
0.271392
0.265312
0.271136
0.266944
0.266944
0.266656
0.300256
0.324
0.282176
0.27424
0.281024
0.281696
0.29712
0.316992
0.288032
0.283616
0.282368
0.283392
0.278464
0.26672
0.268448
0.267488
0.268
0.267808
0.266816
0.264192
0.28416
0.267872
0.27088
0.275904
0.323936
0.2672
0.35552
0.2696
0.269312
0.26608
0.267616
0.267648
0.266208
0.265984
0.265312
0.290144
0.265696
0.266048
0.264928
0.288448
0.792544
0.397632
0.27552
0.268512
0.270176
0.267328
0.270368
0.26896
2.05542
0.282624
0.281312
0.263296
0.31536
0.274304
0.293792
0.293408
0.28016
0.278112
0.278752
0.283872
0.279552
0.280032
0.282976
0.283552
0.277248
0.279744
0.282592
0.28256
0.282432
0.27984
0.28496
0.28336
0.284128
0.280416
0.295904
0.302816
0.283936
0.28336
0.31344
0.284544
0.282144
0.284064
0.329472
0.283872
0.282016
0.283904
0.263744
0.319552
0.287616
0.299328
0.282592
0.29136
0.280736
0.27744
0.278432
0.2624
0.334208
0.280896
0.281984
0.274432
0.275136
0.284736
0.280992
0.276832
0.283872
0.27728
0.261952
0.317024
0.281824
0.28176
0.282752
0.282656
0.282176
0.28144
0.273408
0.28768
0.2856
0.2632
0.296384
0.268832
0.290048
0.325408
0.289536
0.287712
0.283072
0.28016
0.27664
0.288256
0.28448
0.280544
0.276352
0.282816
0.30256
0.286272
0.272096
0.296704
0.270336
0.267296
0.267328
0.290272
0.269088
0.268448
0.266688
0.302368
0.267744
0.2864
0.270816
0.272256
0.26816
0.287936
0.2672
0.297408
0.26976
0.267104
0.271552
0.266976
0.267872
0.26608
0.27696
0.284192
0.283328
0.265472
0.320448
0.283904
0.341824
0.301472
0.289696
0.284736
0.436704
0.289824
0.284896
0.332128
0.279232
0.283744
0.282016
0.28368
0.276192
0.286816
0.28624
0.282528
0.275392
0.275232
0.335424
0.278528
0.283968
0.284032
0.287712
0.28064
0.2784
0.283968
0.28752
0.26448
0.318368
0.283008
0.297888
0.284768
0.283072
0.278816
0.27648
0.30144
0.327296
0.277728
0.276736
0.278656
0.262912
0.283328
0.309376
0.284192
0.278144
0.2792
0.302368
0.27728
0.282688
0.272512
0.2736
0.263328
0.273408
0.281344
0.278656
0.280352
0.272416
0.279168
0.263648
0.282784
0.282656
0.279232
0.282816
0.274368
0.280416
0.283712
0.281216
0.28416
0.278336
0.284608
0.277984
0.283552
0.280832
0.284192
0.279584
0.280384
0.280288
0.27904
0.284224
0.282624
0.283904
0.261632
0.287072
0.27488
0.283584
0.28352
0.282528
0.281632
0.283776
0.298272
0.303936
0.265312
0.301632
0.292608
0.28944
0.28624
0.291424
0.28624
0.285248
0.296096
0.284544
0.267392
0.282112
0.282304
0.288832
0.28288
0.283936
0.31008
0.282976
0.278528
0.282656
0.285888
0.282528
0.279104
0.286912
0.284032
0.283936
0.272096
0.284064
0.286816
0.284288
0.286208
0.299712
0.274784
0.289248
0.273408
0.27104
0.274208
0.270752
0.269888
0.308544
0.286752
0.281504
0.2856
0.265856
0.289632
0.28864
0.271296
0.266656
0.270944
0.3008
0.269312
0.2688
0.268992
0.268352
0.267392
0.266048
0.298112
0.284864
0.277408
0.287008
0.282112
0.281792
0.324
0.283968
0.282976
0.344864
0.285504
0.284576
0.281024
0.282016
0.278496
0.280832
0.283168
0.278016
0.283424
0.32512
0.279936
0.278944
0.278784
0.265568
0.30272
0.302016
0.29952
0.283584
0.2792
0.283328
0.283264
0.281568
0.339232
0.284576
0.320928
0.278752
0.282848
0.285344
0.282592
0.287264
0.285568
0.2832
0.28592
0.285056
0.280128
0.328992
0.283904
0.283168
0.283744
0.28704
0.27424
0.277248
0.285728
0.282496
0.283648
0.284416
0.283872
0.304768
0.288672
0.28448
0.286336
0.279232
0.2912
0.28352
0.28592
0.268064
0.28736
0.285344
0.329216
0.291008
0.286272
0.286144
0.273408
0.27088
0.27008
0.268096
0.267232
0.269728
0.268704
0.266688
0.304864
0.267648
0.301408
0.271392
0.27152
0.267808
0.267392
0.27296
0.267424
0.266688
0.283616
0.281952
0.271456
0.312704
0.29472
0.322464
0.284992
0.280608
0.28176
0.283392
0.282656
0.280352
0.284032
0.285344
0.309952
0.305312
0.287392
0.280928
0.280704
0.264608
0.284448
0.285632
0.280288
0.285152
0.285216
0.283264
0.263616
0.28256
0.299232
0.285216
0.310208
0.28512
0.283168
0.283936
0.286336
0.265728
0.322752
0.281504
0.283424
0.30048
0.282816
0.28528
0.284224
0.283904
0.262144
0.28816
0.279648
0.28128
0.283584
0.28208
0.283456
0.28016
0.283648
0.279968
0.28304
0.28336
0.286496
0.296
0.2816
0.282464
0.282848
0.262624
0.284096
2.14915
0.342592
0.290656
0.285312
0.316576
0.287808
0.278784
0.304992
0.28496
0.285792
0.31312
0.303552
0.267424
0.314208
0.271392
0.268384
0.26624
0.28704
0.285472
0.288672
0.28384
0.308608
0.26448
0.2824
0.279264
0.294624
0.31168
0.285856
0.287232
0.29312
0.284512
0.283872
0.279648
0.287136
0.28896
0.2936
0.28384
0.264576
0.288448
0.282688
0.2848
0.284192
0.284128
0.28544
0.283488
0.284768
0.28832
0.276992
0.280928
0.300544
0.274368
0.284128
0.293696
0.276736
0.346752
0.274208
0.27232
0.30432
0.28448
0.289472
0.271104
0.269088
0.3384
0.56992
0.270784
0.268192
0.276096
0.268416
0.270016
0.270944
0.271072
0.978496
0.270784
0.289152
0.27376
0.290816
0.272288
0.285312
0.284672
0.274528
0.283392
0.283392
0.30352
0.281824
0.283264
0.299584
0.284512
0.279616
0.300672
0.2832
0.277504
0.316768
0.284352
0.279872
0.284416
0.288736
0.280768
0.279872
0.307712
0.2992
0.290208
0.284608
0.28384
0.285952
0.283904
0.267584
0.286944
0.282112
0.282944
0.27792
0.281344
0.282336
0.284416
0.264736
0.282624
0.283904
0.278688
0.274016
0.285056
0.282816
0.308768
0.26224
0.290656
0.28512
0.27824
0.28112
0.29088
0.272192
0.2736
0.275872
0.281856
0.287712
0.28768
0.291072
0.306496
0.325888
0.402432
0.343968
0.276704
0.26816
1.86787
0.271392
0.274112
0.271008
0.267552
0.27264
0.284224
0.314112
0.288992
0.262752
0.322816
0.284256
0.280992
0.287264
0.28512
0.27088
0.287328
0.279712
0.33232
0.281984
0.282208
0.2752
0.281344
0.274176
0.283616
0.280128
0.282848
0.282144
0.28208
0.298816
0.2984
0.26464
0.285856
0.284512
0.278336
0.285152
0.285504
0.32352
0.275104
0.283104
0.2832
0.283488
0.2768
0.28544
0.2832
0.28448
0.276256
0.282912
0.282816
0.282656
0.278496
0.320864
0.26624
0.282848
0.281664
0.28368
0.30144
0.282464
0.28336
0.280544
0.262656
0.320768
0.281408
0.282944
0.280544
0.280064
0.288608
0.28032
0.263456
0.281024
0.283008
0.280512
0.281952
0.28304
0.27312
0.2752
0.284864
0.281344
0.439552
0.324
0.367424
0.360512
0.363936
0.3624
0.359808
0.31776
0.283776
0.283264
0.297664
0.300384
0.289984
0.365344
0.286144
0.271392
0.2704
0.276256
0.270688
0.270496
0.267456
0.448832
0.340768
0.287904
0.285536
0.269856
0.270336
0.270656
0.27152
0.267712
0.26976
1.0111
0.292608
0.28688
0.316288
0.288
0.2848
0.290272
0.28032
0.287456
0.285504
0.2848
0.284576
0.28128
0.282688
0.285248
0.283648
0.266496
0.297952
0.294176
0.307552
0.286848
0.288256
0.30752
0.292416
0.269888
0.290816
0.287488
0.284992
0.276512
0.282304
0.280832
0.305696
0.277664
0.308672
0.285888
0.285824
0.279872
0.281984
0.284576
0.288416
0.284608
0.290784
0.307488
0.283456
0.282464
0.284864
0.285056
0.309824
0.296704
0.284224
0.272864
0.271808
0.274944
0.2736
0.275232
0.271712
0.27408
0.276384
0.284288
0.281088
0.286528
0.28448
0.321152
0.282976
0.285056
0.26832
0.292704
0.29376
0.293216
0.294208
0.283648
0.2872
0.289056
0.284384
0.280192
0.267264
0.28272
0.27792
0.283904
0.286592
0.285024
0.282752
0.283264
0.28528
0.273024
0.32272
0.276576
0.310016
0.31008
0.278464
0.316544
0.28784
0.296864
0.276
0.276576
0.26304
0.278048
0.274944
0.291424
0.276992
0.277056
0.27728
0.277408
0.316416
0.26832
0.29088
0.286368
0.26592
0.287616
0.284576
0.283616
0.282464
0.301792
0.284704
0.276192
0.27616
0.294304
0.277696
0.27328
0.273824
0.263392
0.273632
0.299712
0.345632
0.338112
0.290816
0.280288
0.276704
0.276064
0.28416
0.330592
0.284224
0.284768
0.248128
0.286048
0.280128
0.284448
0.284448
0.264576
0.285696
0.288512
0.284
0.27632
0.28224
0.289536
0.285984
0.282624
0.28432
0.282496
0.263552
0.33952
0.279744
0.289024
0.287328
0.304384
0.27936
0.264256
0.280608
0.285984
0.300224
0.275936
0.2824
0.275616
0.285664
0.28384
0.27424
0.284288
0.286592
0.26752
0.2944
0.27488
0.406304
0.434048
0.378752
0.31424
0.973696
0.313376
0.346112
0.313568
0.271456
0.28752
0.285888
0.276448
0.293728
0.275392
0.306528
0.287072
0.279616
0.288288
0.264448
0.290464
0.275584
0.30416
0.300864
0.265792
0.283552
0.275552
0.298048
0.282208
0.277952
0.290112
0.265632
0.317952
0.297568
0.296384
0.290656
0.277504
0.276768
0.265536
0.278112
0.284672
0.28752
0.264704
0.274304
0.281376
0.266368
0.31776
0.278272
0.276288
0.275968
0.268608
0.285664
0.276992
0.27728
0.264544
0.28704
0.316416
0.283488
0.2816
0.291616
0.287904
0.333376
0.335616
0.34832
0.27456
0.272416
0.273952
0.271264
0.28608
0.271008
0.287488
0.282048
0.289024
0.314112
0.266496
0.38096
0.28816
0.285184
0.287904
0.272352
0.342496
0.275456
0.291072
0.286592
0.27712
0.275808
0.2656
0.27632
0.278336
0.26496
0.281344
0.278496
0.312384
0.275904
0.328544
0.278208
0.319648
0.27792
0.275904
0.266176
0.275488
0.285056
0.27568
0.26528
0.28
0.276096
0.276928
0.276032
0.275488
0.274336
0.268704
0.27616
0.27568
0.294752
0.275104
0.274528
0.274496
0.274592
0.277408
0.26432
0.341056
0.276736
0.275072
0.295104
0.27664
0.265472
0.277248
0.305344
0.277792
0.280192
0.27728
0.277376
0.264704
0.275232
0.273184
0.274944
0.2968
0.313184
0.29776
0.278688
0.277184
0.2832
0.275488
0.283232
0.269504
0.277888
0.277728
0.277248
0.278592
0.276704
0.26688
0.280032
0.305088
0.305536
0.270112
0.299072
0.278048
0.2664
0.279456
0.278688
0.276992
0.26528
0.369472
0.291328
0.293312
0.302752
0.383968
0.323968
0.270944
0.297952
0.288512
0.27664
0.272032
0.271328
0.297056
0.277504
0.280032
0.275296
0.309856
0.278144
0.276256
0.269632
0.28944
0.276064
0.328864
0.278816
0.276928
0.288064
0.48992
0.378304
0.363584
0.39232
0.35504
0.355904
0.305216
0.286464
0.282336
0.269984
0.2816
0.40208
0.328832
0.380672
0.277952
0.24048
0.290784
0.277792
0.289568
0.27744
0.288832
0.266528
0.268608
0.395712
0.326496
0.279808
0.2808
0.26896
0.280288
0.276608
0.280736
0.277216
0.267648
0.328928
0.31472
0.272576
0.329824
0.27808
0.2648
0.280096
0.264992
0.279008
0.277664
0.279488
0.275744
0.278688
0.264864
0.280928
0.2768
0.335872
0.291456
0.28512
0.277184
0.277472
0.278144
0.276608
0.27984
0.291552
0.520608
0.37136
0.40768
0.406656
0.374944
0.325696
0.278976
0.267488
0.267424
0.276928
0.274272
0.275264
0.279936
0.281728
0.277824
0.277376
0.276192
0.277696
0.264384
0.277504
0.274368
0.276544
0.279392
0.286688
0.270208
0.288032
0.279232
0.2832
0.274016
0.267296
0.275456
0.27744
0.264928
0.282592
0.276352
0.276832
0.275808
0.263776
0.274848
0.276736
0.304128
0.396768
0.272992
0.293856
0.283968
0.281024
0.310048
0.266752
0.280448
0.276544
0.278528
0.276416
0.274944
0.2672
0.2792
0.287968
0.308672
0.268928
0.416352
0.307808
0.422048
0.30544
0.322752
0.438784
0.329984
0.285952
0.268608
0.305184
0.279296
0.270464
0.292512
0.280352
0.283552
0.27856
0.280896
0.277056
0.269696
0.279808
0.281408
0.27584
0.334688
0.270048
0.27856
0.278144
0.285184
0.276576
0.279904
0.281792
0.267456
0.278112
0.275936
0.2752
0.273888
0.296384
0.264416
0.283328
0.275488
0.266144
0.395456
0.28272
0.279968
0.27904
0.266752
0.288544
0.26656
0.338592
0.310304
0.352992
0.278496
0.305728
0.277152
0.2864
0.281632
0.284032
0.28272
0.344448
0.273536
0.322784
1.89494
0.277216
0.274752
0.27248
0.278912
0.266912
0.265376
0.27632
0.35152
0.277728
0.272992
0.27888
0.286016
0.31824
0.268064
0.268224
0.276448
0.279808
0.26608
0.31184
0.285568
0.293152
0.276864
0.299104
0.277344
0.281344
0.282656
0.28144
0.272608
0.268896
0.27776
0.32848
0.276352
0.268032
0.458208
0.347424
0.338432
0.329056
0.329888
0.277984
0.278816
0.403872
0.336896
0.285856
0.2768
0.284416
0.2712
0.27792
0.27328
0.250848
0.27568
0.274368
0.265888
0.271936
0.495328
0.372384
0.32672
0.284544
0.284448
0.309664
0.295232
0.28656
0.272928
0.268288
0.281824
0.278272
0.277696
0.276704
0.283744
0.265856
0.322208
0.277056
0.269952
0.345824
0.286304
0.277632
0.281504
0.275392
0.288992
0.270336
0.28752
0.30032
0.339552
0.28304
0.287776
0.284064
0.287232
0.28608
0.27424
0.493728
0.371456
0.31424
0.308832
0.308576
0.3072
0.30544
0.277024
0.265792
0.287456
0.268832
0.276032
0.280768
0.278048
0.267232
0.281248
0.278592
0.383936
0.3496
0.27344
0.270272
0.298848
0.279008
0.268576
0.266656
0.247232
0.28352
0.281248
0.279648
0.269568
0.305888
0.267904
0.396416
0.283648
0.278816
0.269568
0.267968
0.272896
0.284064
0.271776
0.283392
0.277696
0.267808
0.265888
0.307232
0.327232
0.280192
0.268224
0.292832
0.283232
0.270112
0.279232
0.27808
0.278784
0.27728
0.267744
0.270528
0.298976
0.275072
0.272064
0.274112
0.266048
0.279328
0.276608
0.28896
0.268768
0.278016
0.294752
0.287008
0.281408
0.265376
0.273184
0.307712
0.301856
0.282336
0.275584
0.285184
0.291552
0.27072
0.311424
0.273952
0.270208
0.271872
0.270912
0.27776
0.289408
0.334144
0.27776
0.321664
0.279232
0.280544
0.275904
0.27424
0.267072
0.296352
0.291424
0.282208
0.266336
0.2816
0.27424
0.274368
0.27504
0.27728
0.275296
0.348416
0.282144
0.317568
0.284096
0.306464
0.311584
